1 -> 2
1 -> 3
1 -> 4
1 -> 5
1 -> 6
1 -> 7
1 -> 8
1 -> 9
1 -> 10
1 -> 11
1 -> 12
1 -> 13
1 -> 14
1 -> 15
2 3 13 -> 1
2 3 14 -> 1
2 3 15 -> 1
2 4 5 -> 3
2 4 5 -> 6
2 4 5 -> 7
2 4 5 -> 8
2 4 5 -> 9
2 4 5 -> 10
2 4 5 -> 11
2 4 5 -> 12
2 4 9 -> 3
2 4 9 -> 5
2 4 9 -> 6
2 4 9 -> 7
2 4 9 -> 8
2 4 9 -> 10
2 4 9 -> 11
2 4 9 -> 12
2 4 11 -> 3
2 4 11 -> 5
2 4 11 -> 6
2 4 11 -> 7
2 4 11 -> 8
2 4 11 -> 9
2 4 11 -> 10
2 4 11 -> 12
2 4 13 -> 1
2 4 13 -> 3
2 4 13 -> 5
2 4 13 -> 6
2 4 13 -> 7
2 4 13 -> 8
2 4 13 -> 9
2 4 13 -> 10
2 4 13 -> 11
2 4 13 -> 12
2 4 14 -> 1
2 4 14 -> 3
2 4 14 -> 5
2 4 14 -> 6
2 4 14 -> 7
2 4 14 -> 8
2 4 14 -> 9
2 4 14 -> 10
2 4 14 -> 11
2 4 14 -> 12
2 4 15 -> 1
2 4 15 -> 3
2 4 15 -> 5
2 4 15 -> 6
2 4 15 -> 7
2 4 15 -> 8
2 4 15 -> 9
2 4 15 -> 10
2 4 15 -> 11
2 4 15 -> 12
2 5 9 -> 3
2 5 9 -> 4
2 5 9 -> 6
2 5 9 -> 7
2 5 9 -> 8
2 5 9 -> 10
2 5 9 -> 11
2 5 9 -> 12
2 5 10 -> 11
2 5 10 -> 12
2 5 11 13 -> 1
2 5 11 13 -> 3
2 5 11 13 -> 4
2 5 11 13 -> 6
2 5 11 13 -> 7
2 5 11 13 -> 8
2 5 11 13 -> 9
2 5 11 13 -> 10
2 5 11 13 -> 12
2 5 11 14 -> 1
2 5 11 14 -> 3
2 5 11 14 -> 4
2 5 11 14 -> 6
2 5 11 14 -> 7
2 5 11 14 -> 8
2 5 11 14 -> 9
2 5 11 14 -> 10
2 5 11 14 -> 12
2 5 11 15 -> 1
2 5 11 15 -> 3
2 5 11 15 -> 4
2 5 11 15 -> 6
2 5 11 15 -> 7
2 5 11 15 -> 8
2 5 11 15 -> 9
2 5 11 15 -> 10
2 5 11 15 -> 12
2 6 -> 3
2 6 -> 4
2 6 -> 5
2 6 -> 7
2 6 -> 8
2 6 -> 9
2 6 -> 10
2 6 -> 11
2 6 -> 12
2 6 13 -> 1
2 6 14 -> 1
2 6 15 -> 1
2 7 9 -> 3
2 7 9 -> 4
2 7 9 -> 5
2 7 9 -> 6
2 7 9 -> 8
2 7 9 -> 10
2 7 9 -> 11
2 7 9 -> 12
2 7 10 -> 3
2 7 10 -> 4
2 7 10 -> 5
2 7 10 -> 6
2 7 10 -> 8
2 7 10 -> 9
2 7 10 -> 12
2 7 11 -> 3
2 7 11 -> 4
2 7 11 -> 5
2 7 11 -> 6
2 7 11 -> 8
2 7 11 -> 9
2 7 11 -> 10
2 7 11 -> 12
2 7 12 -> 3
2 7 12 -> 4
2 7 12 -> 5
2 7 12 -> 6
2 7 12 -> 8
2 7 12 -> 9
2 7 13 -> 1
2 7 13 -> 3
2 7 13 -> 4
2 7 13 -> 5
2 7 13 -> 6
2 7 13 -> 8
2 7 13 -> 9
2 7 13 -> 10
2 7 13 -> 11
2 7 13 -> 12
2 7 14 -> 1
2 7 14 -> 3
2 7 14 -> 4
2 7 14 -> 5
2 7 14 -> 6
2 7 14 -> 8
2 7 14 -> 9
2 7 14 -> 10
2 7 14 -> 11
2 7 14 -> 12
2 7 15 -> 1
2 7 15 -> 3
2 7 15 -> 4
2 7 15 -> 5
2 7 15 -> 6
2 7 15 -> 8
2 7 15 -> 9
2 7 15 -> 10
2 7 15 -> 11
2 7 15 -> 12
2 8 -> 3
2 8 -> 4
2 8 -> 5
2 8 -> 6
2 8 -> 7
2 8 -> 9
2 8 -> 10
2 8 -> 11
2 8 -> 12
2 8 13 -> 1
2 8 14 -> 1
2 8 15 -> 1
2 9 10 -> 3
2 9 10 -> 4
2 9 10 -> 5
2 9 10 -> 6
2 9 10 -> 7
2 9 10 -> 8
2 9 10 -> 12
2 9 11 -> 3
2 9 11 -> 4
2 9 11 -> 5
2 9 11 -> 6
2 9 11 -> 7
2 9 11 -> 8
2 9 11 -> 10
2 9 11 -> 12
2 9 12 -> 3
2 9 12 -> 4
2 9 12 -> 5
2 9 12 -> 6
2 9 12 -> 7
2 9 12 -> 8
2 9 13 -> 1
2 9 13 -> 3
2 9 13 -> 4
2 9 13 -> 5
2 9 13 -> 6
2 9 13 -> 7
2 9 13 -> 8
2 9 13 -> 10
2 9 13 -> 11
2 9 13 -> 12
2 9 14 -> 1
2 9 14 -> 3
2 9 14 -> 4
2 9 14 -> 5
2 9 14 -> 6
2 9 14 -> 7
2 9 14 -> 8
2 9 14 -> 10
2 9 14 -> 11
2 9 14 -> 12
2 9 15 -> 1
2 9 15 -> 3
2 9 15 -> 4
2 9 15 -> 5
2 9 15 -> 6
2 9 15 -> 7
2 9 15 -> 8
2 9 15 -> 10
2 9 15 -> 11
2 9 15 -> 12
2 10 13 -> 1
2 10 13 -> 3
2 10 13 -> 4
2 10 13 -> 5
2 10 13 -> 6
2 10 13 -> 7
2 10 13 -> 8
2 10 13 -> 9
2 10 13 -> 11
2 10 13 -> 12
2 10 14 -> 1
2 10 14 -> 3
2 10 14 -> 4
2 10 14 -> 5
2 10 14 -> 6
2 10 14 -> 7
2 10 14 -> 8
2 10 14 -> 9
2 10 14 -> 11
2 10 14 -> 12
2 10 15 -> 1
2 10 15 -> 3
2 10 15 -> 4
2 10 15 -> 5
2 10 15 -> 6
2 10 15 -> 7
2 10 15 -> 8
2 10 15 -> 9
2 10 15 -> 11
2 10 15 -> 12
2 12 13 -> 1
2 12 13 -> 3
2 12 13 -> 4
2 12 13 -> 5
2 12 13 -> 6
2 12 13 -> 7
2 12 13 -> 8
2 12 13 -> 9
2 12 14 -> 1
2 12 14 -> 3
2 12 14 -> 4
2 12 14 -> 5
2 12 14 -> 6
2 12 14 -> 7
2 12 14 -> 8
2 12 14 -> 9
2 12 15 -> 1
2 12 15 -> 3
2 12 15 -> 4
2 12 15 -> 5
2 12 15 -> 6
2 12 15 -> 7
2 12 15 -> 8
2 12 15 -> 9
3 -> 4
3 -> 5
3 -> 6
3 -> 7
3 -> 8
3 -> 9
3 -> 10
3 -> 11
3 -> 12
4 5 9 -> 3
4 5 9 -> 6
4 5 9 -> 7
4 5 9 -> 8
4 5 9 -> 10
4 5 9 -> 11
4 5 9 -> 12
4 5 11 -> 3
4 5 11 -> 6
4 5 11 -> 7
4 5 11 -> 8
4 5 11 -> 9
4 5 11 -> 10
4 5 11 -> 12
4 6 -> 3
4 6 -> 5
4 6 -> 7
4 6 -> 8
4 6 -> 9
4 6 -> 10
4 6 -> 11
4 6 -> 12
4 7 -> 3
4 7 -> 5
4 7 -> 6
4 7 -> 8
4 7 -> 9
4 7 -> 10
4 7 -> 11
4 7 -> 12
4 8 -> 3
4 8 -> 5
4 8 -> 6
4 8 -> 7
4 8 -> 9
4 8 -> 10
4 8 -> 11
4 8 -> 12
4 9 11 -> 3
4 9 11 -> 5
4 9 11 -> 6
4 9 11 -> 7
4 9 11 -> 8
4 9 11 -> 10
4 9 11 -> 12
4 10 -> 3
4 10 -> 5
4 10 -> 6
4 10 -> 7
4 10 -> 8
4 10 -> 9
4 10 -> 11
4 10 -> 12
4 12 -> 3
4 12 -> 5
4 12 -> 6
4 12 -> 7
4 12 -> 8
4 12 -> 9
5 6 11 -> 3
5 6 11 -> 4
5 6 11 -> 7
5 6 11 -> 8
5 6 11 -> 9
5 6 11 -> 10
5 6 11 -> 12
5 7 9 -> 3
5 7 9 -> 4
5 7 9 -> 6
5 7 9 -> 8
5 7 9 -> 10
5 7 9 -> 11
5 7 9 -> 12
5 7 10 13 -> 3
5 7 10 13 -> 4
5 7 10 13 -> 6
5 7 10 13 -> 8
5 7 10 13 -> 9
5 7 10 13 -> 12
5 7 10 14 -> 3
5 7 10 14 -> 4
5 7 10 14 -> 6
5 7 10 14 -> 8
5 7 10 14 -> 9
5 7 10 14 -> 12
5 7 10 15 -> 3
5 7 10 15 -> 4
5 7 10 15 -> 6
5 7 10 15 -> 8
5 7 10 15 -> 9
5 7 10 15 -> 12
5 7 12 -> 3
5 7 12 -> 4
5 7 12 -> 6
5 7 12 -> 8
5 7 12 -> 9
5 8 -> 3
5 8 -> 4
5 8 -> 6
5 8 -> 7
5 8 -> 9
5 8 -> 10
5 8 -> 11
5 8 -> 12
5 9 12 -> 3
5 9 12 -> 4
5 9 12 -> 6
5 9 12 -> 7
5 9 12 -> 8
6 7 -> 3
6 7 -> 4
6 7 -> 5
6 7 -> 8
6 7 -> 9
6 7 -> 10
6 7 -> 11
6 7 -> 12
6 8 -> 3
6 8 -> 4
6 8 -> 5
6 8 -> 7
6 8 -> 9
6 8 -> 10
6 8 -> 11
6 8 -> 12
6 9 -> 3
6 9 -> 4
6 9 -> 5
6 9 -> 7
6 9 -> 8
6 9 -> 10
6 9 -> 11
6 9 -> 12
6 10 -> 3
6 10 -> 4
6 10 -> 5
6 10 -> 7
6 10 -> 8
6 10 -> 9
6 10 -> 11
6 10 -> 12
6 12 -> 3
6 12 -> 4
6 12 -> 5
6 12 -> 7
6 12 -> 8
6 12 -> 9
7 8 -> 3
7 8 -> 4
7 8 -> 5
7 8 -> 6
7 8 -> 9
7 8 -> 10
7 8 -> 11
7 8 -> 12
7 9 10 -> 3
7 9 10 -> 4
7 9 10 -> 5
7 9 10 -> 6
7 9 10 -> 8
7 9 10 -> 12
7 9 11 -> 3
7 9 11 -> 4
7 9 11 -> 5
7 9 11 -> 6
7 9 11 -> 8
7 9 11 -> 10
7 9 11 -> 12
7 9 12 -> 3
7 9 12 -> 4
7 9 12 -> 5
7 9 12 -> 6
7 9 12 -> 8
7 10 -> 11
8 9 -> 3
8 9 -> 4
8 9 -> 5
8 9 -> 6
8 9 -> 7
8 9 -> 10
8 9 -> 11
8 9 -> 12
8 10 -> 3
8 10 -> 4
8 10 -> 5
8 10 -> 6
8 10 -> 7
8 10 -> 9
8 10 -> 11
8 10 -> 12
8 11 -> 3
8 11 -> 4
8 11 -> 5
8 11 -> 6
8 11 -> 7
8 11 -> 9
8 11 -> 10
8 11 -> 12
8 12 -> 3
8 12 -> 4
8 12 -> 5
8 12 -> 6
8 12 -> 7
8 12 -> 9
9 10 -> 11
12 -> 10
12 -> 11
13 -> 14
13 -> 15
14 -> 13
14 -> 15
15 -> 13
15 -> 14
